# # Cu
        # 1.1166, 0.9755, 1.0656, 1.0543, 0.8817, 0.9654, 0.8615, 1.1368, 1.0173, 1.0555, 1.0408, 1.0148,
        # 1.0462, 0.9527, 0.9250, 1.0077, 0.8479, 0.9348, 0.9252, 0.9519, 0.9737, 1.0687, 0.9301, 1.1120,
        # 1.0483, 0.9434, 0.8338, 1.0205, 0.9519, 0.9473, 1.0727, 1.0216, 1.1225, 0.9629, 1.0678, 1.0535,
        # 0.8831, 0.9417, 0.8839, 1.1382, 1.0715, 1.0654, 1.0442, 1.0083, 1.0448, 0.9434, 0.9236, 1.0112,
        # 0.8449, 0.9243, 0.9501, 0.9452, 0.9754, 1.0643, 0.9291, 1.1024, 1.0593, 0.9293, 0.7799, 1.0235,
        # 0.9482, 0.9582, 1.0770, 1.0207, 1.1314, 0.9478, 1.0694, 1.0579, 0.8820, 0.9535, 0.8878, 1.1388,
        # 1.1067, 1.0510, 1.0484, 0.9940, 1.0499, 0.9383, 0.9229, 1.0098, 0.8692, 0.9185, 0.9476, 0.9412,
        # 0.9816, 1.0654, 0.9211, 1.0987, 1.0655, 0.9236, 0.7929, 1.0170, 0.9321, 0.9867, 1.0808, 1.0090,

        # # Au0.26
        # 1.1027, 1.0433, 1.0723, 1.0559, 0.9039, 0.8901, 0.8755, 1.1444, 1.0028, 0.9439, 1.0668, 1.0772,
        # 1.0658, 0.9329, 0.9396, 0.9806, 0.9330, 0.9133, 0.9381, 0.9498, 0.9716, 1.0658, 0.9215, 1.1153,
        # 0.8696, 0.9137, 0.8709, 1.0411, 0.9427, 0.9264, 1.0431, 1.0687, 1.0991, 1.0351, 1.0724, 1.0554,
        # 0.8969, 0.8945, 0.8664, 1.1450, 0.9995, 0.9760, 1.0596, 1.0684, 1.0603, 0.9329, 0.9343, 0.9946,
        # 0.9131, 0.9179, 0.9502, 0.9504, 0.9736, 1.0684, 0.9231, 1.1169, 0.8812, 0.9179, 0.8569, 1.0472,
        # 0.9513, 0.9307, 1.0452, 1.0537, 1.1066, 1.0048, 1.0654, 1.0537, 0.8851, 0.9014, 0.8698, 1.1329,
        # 1.0375, 1.0440, 1.0556, 1.0317, 1.0511, 0.9381, 0.9227, 1.0160, 0.8521, 0.9239, 0.9646, 0.9436,
        # 0.9741, 1.0684, 0.9314, 1.1131, 0.9949, 0.9314, 0.8007, 1.0482, 0.9477, 0.9669, 1.0604, 1.0279,

        # Given result
        # 1.0645, 1.0681, 1.0385, 1.0532, 0.9485, 1.0549, 0.9796, 1.0457, 0.9864, 0.9645, 1.0280, 1.0639,
        # 1.0368, 0.9571, 0.9684, 0.9327, 1.0147, 0.9547, 0.9507, 0.9476, 0.9760, 1.0416, 0.9489, 1.0159,
        # 0.9936, 0.9458, 1.0620, 1.0448, 0.9574, 0.9258, 1.0414, 1.0986,
        # 1.0487, 1.0598, 1.0448, 1.0532, 0.9485, 1.0438, 0.9675, 1.0342, 1.0013, 0.9733, 1.0339, 1.0986,
        # 1.0441, 0.9533, 0.9648, 0.9322, 0.9985, 0.9452, 0.9541, 0.9397, 0.9653, 1.0488, 0.9453, 1.0359,
        # 1.0015, 0.9469, 1.1022, 1.0368, 0.9572, 0.9159, 1.0379, 1.0832,
        # 1.0534, 1.0536, 1.0482, 1.0556, 0.9516, 1.0317, 0.9518, 1.0323, 0.9844, 0.9857, 1.0424, 1.1334,
        # 1.0430, 0.9393, 0.9580, 0.9354, 1.0009, 0.9367, 0.9650, 0.9310, 0.9520, 1.0582, 0.9372, 1.0490,
        # 1.0120, 0.9372, 1.1202, 1.0467, 0.9611, 0.9048, 1.0396, 1.0974

        # cu0.4+Au0.26
        # 0.9120, 1.0767, 1.0502, 1.0468, 0.9174, 1.0661, 1.0235, 1.0734, 0.9831, 0.8914, 1.0829, 1.1071,
        # 1.0326, 1.0175, 1.0021, 0.9166, 1.0809, 0.9185, 0.9095, 0.9365, 0.9135, 1.0733, 0.9438, 1.0216,
        # 0.9645, 0.9574, 0.9344, 1.0530, 0.9439, 0.9154, 1.0418, 1.0928, 0.9240, 1.0766, 1.0501, 1.0443,
        # 0.9138, 1.0592, 1.0248, 1.0829, 0.9864, 0.8938, 1.0727, 1.1107, 1.0404, 1.0106, 0.9901, 0.9148,
        # 1.0726, 0.9165, 0.9099, 0.9453, 0.9190, 1.0744, 0.9463, 1.0190, 0.9622, 0.9530, 0.9307, 1.0570,
        # 0.9379, 0.9174, 1.0446, 1.0877, 1.0192, 1.0556, 1.0636, 1.0582, 0.9194, 0.9642, 0.9519, 1.1008,
        # 1.0088, 1.0087, 1.0641, 1.0293, 1.0558, 0.9553, 0.9429, 0.9398, 0.9299, 0.9279, 0.9266, 0.9423,
        # 0.9495, 1.0715, 0.9424, 1.0678, 1.0005, 0.9482, 0.9599, 1.0028, 0.9239, 0.9483, 1.0457, 1.0572,

# Au0.26 + Cu
#         1.0147, 1.0717, 1.0507, 1.0577, 0.9423, 0.9968, 0.9683, 1.0362, 0.9909, 0.9757, 1.0670, 1.0422,
#         1.0534, 0.9707, 0.9520, 0.9143, 0.9841, 0.9330, 0.9392, 0.9416, 0.9460, 1.0555, 0.9330, 1.0566,
#         0.9897, 0.9420, 1.0191, 1.0054, 0.9373, 0.9298, 1.0493, 1.0703, 1.0248, 1.0696, 1.0518, 1.0613,
#         0.9355, 0.9900, 0.9595, 1.0391, 0.9955, 0.9953, 1.0678, 1.0332, 1.0541, 0.9675, 0.9480, 0.9210,
#         0.9623, 0.9360, 0.9375, 0.9415, 0.9480, 1.0544, 0.9317, 1.0629, 1.0038, 0.9402, 1.0220, 1.0024,
#         0.9388, 0.9319, 1.0538, 1.0756, 1.0359, 1.0576, 1.0573, 1.0601, 0.9096, 0.9614, 0.9408, 1.0506,
#         1.0033, 1.0338, 1.0669, 1.0158, 1.0594, 0.9580, 0.9426, 0.9357, 0.9321, 0.9322, 0.9393, 0.9405,
#         0.9477, 1.0586, 0.9377, 1.0642, 1.0145, 0.9434, 1.0130, 0.9882, 0.9425, 0.9495, 1.0544, 1.0581